
[34m  1  2  3  4  5  6  7
  8  9 10 11 12 13 14
 15 16 17 18 19 20 21
 22 23 24 25 26 27 28
 29 30 31 32 33 34 35
[0m> 
  1  2  3  4  5  6  7
  8  9 10 11 12 13 14
 15 16 17 18 19 20 21
 22 23 24 25 26 27 28
 30 31 32 33 34 35 29
> 
  1  2  3 11  5  6  7
  8  9 10 18 12 13 14
 15 16 17 25 19 20 21
 22 23 24 33 26 27 28
 30 31 32  4 34 35 29
> 
  1  2  3 11  5  6 29
  8  9 10 18 12 13  7
 15 16 17 25 19 20 14
 22 23 24 33 26 27 21
 30 31 32  4 34 35 28
> 
  1  2  3 11  5  6 29
  8  9 10 18 12 13  7
 15 16 17 25 19 20 14
 22 23 24 33 26 27 21
 28 30 31 32  4 34 35
> 