
[34m  1  2  3  4  5  6  7
  8  9 10 11 12 13 14
 15 16 17 18 19 20 21
 22 23 24 25 26 27 28
 29 30 31 32 33 34 35
[0m> 
  1  2  3  4  5  6  7
  8  9 10 11 12 13 14
 16 17 18 19 20 21 15
 22 23 24 25 26 27 28
 29 30 31 32 33 34 35
> 
  1  2  3  4  5  6  7
  8  9 10 11 12 13 14
 16 17 18 19 20 21 15
 28 22 23 24 25 26 27
 29 30 31 32 33 34 35
> 
  1  2  3  4  5 13  7
  8  9 10 11 12 21 14
 16 17 18 19 20 26 15
 28 22 23 24 25 34 27
 29 30 31 32 33  6 35
> 
  1 30  3  4  5 13  7
  8  2 10 11 12 21 14
 16  9 18 19 20 26 15
 28 17 23 24 25 34 27
 29 22 31 32 33  6 35
> 
  1  2  3  4  5 13  7
  8  9 10 11 12 21 14
 16 17 18 19 20 26 15
 28 22 23 24 25 34 27
 29 30 31 32 33  6 35
> 
  1  2  3  4  5  6  7
  8  9 10 11 12 13 14
 16 17 18 19 20 21 15
 28 22 23 24 25 26 27
 29 30 31 32 33 34 35
> 