
[34m  1  2  3  4  5  6  7
  8  9 10 11 12 13 14
 15 16 17 18 19 20 21
 22 23 24 25 26 27 28
 29 30 31 32 33 34 35
[0m> 
  8  2  3  4  5  6  7
 15  9 10 11 12 13 14
 22 16 17 18 19 20 21
 29 23 24 25 26 27 28
  1 30 31 32 33 34 35
> 
  8 30  3  4  5  6  7
 15  2 10 11 12 13 14
 22  9 17 18 19 20 21
 29 16 24 25 26 27 28
  1 23 31 32 33 34 35
> 
 30  3  4  5  6  7  8
 15  2 10 11 12 13 14
 22  9 17 18 19 20 21
 29 16 24 25 26 27 28
  1 23 31 32 33 34 35
> 
  8 30  3  4  5  6  7
 15  2 10 11 12 13 14
 22  9 17 18 19 20 21
 29 16 24 25 26 27 28
  1 23 31 32 33 34 35
> 
  8 30  3  4 12  6  7
 15  2 10 11 19 13 14
 22  9 17 18 26 20 21
 29 16 24 25 33 27 28
  1 23 31 32  5 34 35
> 
  8 30  3  4 12 34  7
 15  2 10 11 19  6 14
 22  9 17 18 26 13 21
 29 16 24 25 33 20 28
  1 23 31 32  5 27 35
> 
 30  3  4 12 34  7  8
 15  2 10 11 19  6 14
 22  9 17 18 26 13 21
 29 16 24 25 33 20 28
  1 23 31 32  5 27 35
> 
  8 30  3  4 12 34  7
 15  2 10 11 19  6 14
 22  9 17 18 26 13 21
 29 16 24 25 33 20 28
  1 23 31 32  5 27 35
> 
  8  2  3  4 12 34  7
 15  9 10 11 19  6 14
 22 16 17 18 26 13 21
 29 23 24 25 33 20 28
  1 30 31 32  5 27 35
> 
  8  2 31  4 12 34  7
 15  9  3 11 19  6 14
 22 16 10 18 26 13 21
 29 23 17 25 33 20 28
  1 30 24 32  5 27 35
> 
  8  2 31  4 12 34  7
  9  3 11 19  6 14 15
 22 16 10 18 26 13 21
 29 23 17 25 33 20 28
  1 30 24 32  5 27 35
> 
  7  8  2 31  4 12 34
  9  3 11 19  6 14 15
 22 16 10 18 26 13 21
 29 23 17 25 33 20 28
  1 30 24 32  5 27 35
> 
  8  2 31  4 12 34  7
  9  3 11 19  6 14 15
 22 16 10 18 26 13 21
 29 23 17 25 33 20 28
  1 30 24 32  5 27 35
> 
  8  2 31  4 12 34  7
 15  9  3 11 19  6 14
 22 16 10 18 26 13 21
 29 23 17 25 33 20 28
  1 30 24 32  5 27 35
> 
  8  2  3  4 12 34  7
 15  9 10 11 19  6 14
 22 16 17 18 26 13 21
 29 23 24 25 33 20 28
  1 30 31 32  5 27 35
> 
  8 30  3  4 12 34  7
 15  2 10 11 19  6 14
 22  9 17 18 26 13 21
 29 16 24 25 33 20 28
  1 23 31 32  5 27 35
> 
 30  3  4 12 34  7  8
 15  2 10 11 19  6 14
 22  9 17 18 26 13 21
 29 16 24 25 33 20 28
  1 23 31 32  5 27 35
> 
  8 30  3  4 12 34  7
 15  2 10 11 19  6 14
 22  9 17 18 26 13 21
 29 16 24 25 33 20 28
  1 23 31 32  5 27 35
> 
  8 30  3  4 12  6  7
 15  2 10 11 19 13 14
 22  9 17 18 26 20 21
 29 16 24 25 33 27 28
  1 23 31 32  5 34 35
> 
  8 30  3  4  5  6  7
 15  2 10 11 12 13 14
 22  9 17 18 19 20 21
 29 16 24 25 26 27 28
  1 23 31 32 33 34 35
> 
 30  3  4  5  6  7  8
 15  2 10 11 12 13 14
 22  9 17 18 19 20 21
 29 16 24 25 26 27 28
  1 23 31 32 33 34 35
> 
  8 30  3  4  5  6  7
 15  2 10 11 12 13 14
 22  9 17 18 19 20 21
 29 16 24 25 26 27 28
  1 23 31 32 33 34 35
> Invalid command

  8 30  3  4  5  6  7
 15  2 10 11 12 13 14
 22  9 17 18 19 20 21
 29 16 24 25 26 27 28
  1 23 31 32 33 34 35
> 