
[34m  1  2  3  4  5  6  7
  8  9 10 11 12 13 14
 15 16 17 18 19 20 21
 22 23 24 25 26 27 28
 29 30 31 32 33 34 35
[0m> 
  1  2  3  4  5  6 14
  8  9 10 11 12 13 21
 15 16 17 18 19 20 28
 22 23 24 25 26 27 35
 29 30 31 32 33 34  7
> Invalid command

  1  2  3  4  5  6 14
  8  9 10 11 12 13 21
 15 16 17 18 19 20 28
 22 23 24 25 26 27 35
 29 30 31 32 33 34  7
> 
  1 30  3  4  5  6 14
  8  2 10 11 12 13 21
 15  9 17 18 19 20 28
 22 16 24 25 26 27 35
 29 23 31 32 33 34  7
> Invalid command

  1 30  3  4  5  6 14
  8  2 10 11 12 13 21
 15  9 17 18 19 20 28
 22 16 24 25 26 27 35
 29 23 31 32 33 34  7
> 
  1 30  3  4  5  6 14
  8  2 10 11 12 13 21
  9 17 18 19 20 28 15
 22 16 24 25 26 27 35
 29 23 31 32 33 34  7
> Invalid command

  1 30  3  4  5  6 14
  8  2 10 11 12 13 21
  9 17 18 19 20 28 15
 22 16 24 25 26 27 35
 29 23 31 32 33 34  7
> 
  1 30  3  4  5  6 14
  8  2 10 11 12 13 21
 15  9 17 18 19 20 28
 22 16 24 25 26 27 35
 29 23 31 32 33 34  7
> Invalid command

  1 30  3  4  5  6 14
  8  2 10 11 12 13 21
 15  9 17 18 19 20 28
 22 16 24 25 26 27 35
 29 23 31 32 33 34  7
> Invalid command

  1 30  3  4  5  6 14
  8  2 10 11 12 13 21
 15  9 17 18 19 20 28
 22 16 24 25 26 27 35
 29 23 31 32 33 34  7
> Invalid command

  1 30  3  4  5  6 14
  8  2 10 11 12 13 21
 15  9 17 18 19 20 28
 22 16 24 25 26 27 35
 29 23 31 32 33 34  7
> 
  1 30  3  4  5 34 14
  8  2 10 11 12  6 21
 15  9 17 18 19 13 28
 22 16 24 25 26 20 35
 29 23 31 32 33 27  7
> 