
[34m  1  2  3  4  5  6  7
  8  9 10 11 12 13 14
 15 16 17 18 19 20 21
 22 23 24 25 26 27 28
 29 30 31 32 33 34 35
[0m> 
  1  9  3  4  5  6  7
  8 16 10 11 12 13 14
 15 23 17 18 19 20 21
 22 30 24 25 26 27 28
 29  2 31 32 33 34 35
> 
  1  9  3  4  5 34  7
  8 16 10 11 12  6 14
 15 23 17 18 19 13 21
 22 30 24 25 26 20 28
 29  2 31 32 33 27 35
> 
  1  9  3  4  5 34  7
  8 16 10 11 12  6 14
 15 23 17 18 19 13 21
 28 22 30 24 25 26 20
 29  2 31 32 33 27 35
> 
  1  9  3  4  5 34  7
 16 10 11 12  6 14  8
 15 23 17 18 19 13 21
 28 22 30 24 25 26 20
 29  2 31 32 33 27 35
> 
  1  9  3  4  5 34  7
  8 16 10 11 12  6 14
 15 23 17 18 19 13 21
 28 22 30 24 25 26 20
 29  2 31 32 33 27 35
> 
  1  9  3  4  5 34  7
  8 16 10 11 12  6 14
 15 23 17 18 19 13 21
 22 30 24 25 26 20 28
 29  2 31 32 33 27 35
> 
  1  9  3  4  5  6  7
  8 16 10 11 12 13 14
 15 23 17 18 19 20 21
 22 30 24 25 26 27 28
 29  2 31 32 33 34 35
> 
[34m  1  2  3  4  5  6  7
  8  9 10 11 12 13 14
 15 16 17 18 19 20 21
 22 23 24 25 26 27 28
 29 30 31 32 33 34 35
[0m> 